<?xml version="1.0" encoding="UTF-8" standalone="no" ?>
<SimscapeMultibodyImportXML version="2.0" xmlns="urn:mathworks:SimscapeMultibody:import" xmlns:xsi="http://www.w3.org/2001/XMLSchema-instance">
<Created by="" on="12/13/24||22:42:42" using="Simscape Multibody Link Version 7.0" from="SolidWorks 32.2.0"/>
<ModelUnits mass="kilogram" length="millimeter"/>
<DataUnits mass="kilogram" length="meter"/>
<RootAssembly name="Pack and go 8-II( Updated Final Assembly File)Assem1- Final" uid="Pack and go 8-II( Updated Final Assembly File)Assem1- Final" version="14420">
<AssemblyFile name="Pack and go 8-II( Updated Final Assembly File)Assem1- Final.SLDASM" type="SolidWorks Assembly"/>
<InstanceTree>
<Instance name="Salai V2-1" uid="Salai V2-1" entityUid="Salai V2*:*Default">
<Transform>
<Rotation>0.86923080801547659 0.48554939335191982 -0.093164311902918157 1.6246634029423723e-15 0.18843665893337472 0.98208534535957082 0.4944065153259628 -0.85365883828705824 0.16379494930439337</Rotation>
<Translation>0.025754498633213004 0.49039067129572672 -0.04362580124873696</Translation>
</Transform>
</Instance>
<Instance name="Pack and go 8-II( Updated Final Assembly File)(Left side) -Shoulder base-1" uid="Pack and go 8-II( Updated Final Assembly File)(Left side) -Shoulder base-1" entityUid="Pack and go 8-II( Updated Final Assembly File)(Left side) -Shoulder base*:*Default">
<Transform>
<Rotation>-0.86923080801547725 -1.0809277850852772e-15 0.49440651532596197 -5.8102627556848253e-16 1 1.1304725182574403e-15 -0.49440651532596203 6.9467268028670392e-16 -0.86923080801547714</Rotation>
<Translation>-0.066592892518830146 0.079172458813320204 0.023669421414751299</Translation>
</Transform>
</Instance>
<Instance name="Pack and go 8-II( Updated Final Assembly File)Shoulder movement part assembly-1" uid="Pack and go 8-II( Updated Final Assembly File)Shoulder movement part assembly-1" entityUid="Pack and go 8-II( Updated Final Assembly File)Shoulder movement part assembly" rigid="true">
<Transform>
<Rotation>-0.18108491323820389 -0.46005005879172928 -0.8692308080154767 -0.93050970108761166 0.36626724694114221 -1.1102230246251565e-16 0.31837077500825323 0.80882769934262444 -0.49440651532596264</Rotation>
<Translation>0.015331461612447929 0.1525431465814015 0.0076721411080161945</Translation>
</Transform>
<Instance name="Pack and go 8-II( Updated Final Assembly File)Shoulder movement-1" uid="Pack and go 8-II( Updated Final Assembly File)Shoulder movement-1" grounded="true" entityUid="Pack and go 8-II( Updated Final Assembly File)Shoulder movement*:*Default">
<Transform>
<Rotation>1 0 0 0 1 0 0 0 1</Rotation>
<Translation>0.018634864007359433 0.010836988571497848 -0.0066979870734706938</Translation>
</Transform>
</Instance>
</Instance>
<Instance name="Pack and go 8-II( Updated Final Assembly File)Elbow base-1" uid="Pack and go 8-II( Updated Final Assembly File)Elbow base-1" entityUid="Pack and go 8-II( Updated Final Assembly File)Elbow base*:*Default">
<Transform>
<Rotation>-0.46005005879172922 0.86923080801547703 0.18108491323820328 0.36626724694114215 7.3584801446621478e-16 0.93050970108761166 0.80882769934262455 0.49440651532596253 -0.31837077500825356</Rotation>
<Translation>0.0062739870009595206 0.19500304087857701 -0.0033086546200218983</Translation>
</Transform>
</Instance>
<Instance name="Pack and go 8-II( Updated Final Assembly File)Base 45 kg servo-2" uid="Pack and go 8-II( Updated Final Assembly File)Base 45 kg servo-2" entityUid="Pack and go 8-II( Updated Final Assembly File)Base 45 kg servo*:*Default">
<Transform>
<Rotation>0.313503812130491 -0.86923080801547659 0.38229983282289237 -0.77324998957758806 -2.3809079707781677e-16 0.63410129602316712 -0.55118038190587826 -0.49440651532596286 -0.67213271323848567</Rotation>
<Translation>0.069023915847777284 0.4764079961855418 0.077388762199541133</Translation>
</Transform>
</Instance>
<Instance name="Pack and go 8-II( Updated Final Assembly File)End base 2-1" uid="Pack and go 8-II( Updated Final Assembly File)End base 2-1" entityUid="Pack and go 8-II( Updated Final Assembly File)End base 2*:*Default">
<Transform>
<Rotation>-0.8692308080154767 0.38229983282289232 0.31350381213049106 0 0.63410129602316767 -0.77324998957758773 -0.49440651532596291 -0.67213271323848522 -0.5511803819058787</Rotation>
<Translation>-0.036510164159824922 0.47229790041736136 0.06584355358096379</Translation>
</Transform>
</Instance>
<Instance name="Pack and go 8-II( Updated Final Assembly File)Servo motor 350Kg-1" uid="Pack and go 8-II( Updated Final Assembly File)Servo motor 350Kg-1" entityUid="Pack and go 8-II( Updated Final Assembly File)Servo motor 350Kg*:*Default">
<Transform>
<Rotation>0.49440651532596103 -7.2454520038728257e-16 0.86923080801547781 4.9297175007577352e-16 1 5.3363028936577171e-16 -0.86923080801547781 1.6397025682858644e-16 0.49440651532596103</Rotation>
<Translation>-0.15405057389765439 0.17217245881332027 -0.045057603603359676</Translation>
</Transform>
</Instance>
<Instance name="Pack and go 8-II( Updated Final Assembly File)hs-422_horn_disc_sws(1)-1" uid="Pack and go 8-II( Updated Final Assembly File)hs-422_horn_disc_sws(1)-1" entityUid="Pack and go 8-II( Updated Final Assembly File)hs-422_horn_disc_sws(1)*:*Default">
<Transform>
<Rotation>-0.80170265171162225 0 -0.59772306149131771 0 1 0 0.59772306149131771 0 -0.80170265171162225</Rotation>
<Translation>-0.0089372618334099957 0.040672458813320163 0.013321559303843475</Translation>
</Transform>
</Instance>
<Instance name="Pack and go 8-II( Updated Final Assembly File)(R side) -Shoulder base-1" uid="Pack and go 8-II( Updated Final Assembly File)(R side) -Shoulder base-1" entityUid="Pack and go 8-II( Updated Final Assembly File)(R side) -Shoulder base*:*Default">
<Transform>
<Rotation>0.86923080801547725 -1.0973834493061569e-15 -0.49440651532596197 5.9995756984513954e-16 1 -1.1304725182574451e-15 0.49440651532596203 6.8531292505277573e-16 0.86923080801547714</Rotation>
<Translation>0.048718368852009961 0.079172458813320454 0.0029736971929271135</Translation>
</Transform>
</Instance>
<Instance name="Pack and go 8-II( Updated Final Assembly File)elbow rotating-1" uid="Pack and go 8-II( Updated Final Assembly File)elbow rotating-1" entityUid="Pack and go 8-II( Updated Final Assembly File)elbow rotating*:*Default">
<Transform>
<Rotation>0.31350381213049133 0.38229983282289226 0.86923080801547625 -0.77324998957758706 0.634101296023168 -2.4980018054066022e-16 -0.55118038190587926 -0.67213271323848467 0.49440651532596303</Rotation>
<Translation>0.033218613924926768 0.34509918474608703 -0.05169211861427065</Translation>
</Transform>
</Instance>
<Instance name="Pack and go 8-II( Updated Final Assembly File)5972K215_Ball Bearing( 20mm shFT)-1" uid="Pack and go 8-II( Updated Final Assembly File)5972K215_Ball Bearing( 20mm shFT)-1" entityUid="Pack and go 8-II( Updated Final Assembly File)5972K215_Ball Bearing( 20mm shFT)*:*5972K215">
<Transform>
<Rotation>0.44528302119604896 0.21485072359961802 0.86923080801547725 -0.43456288891736811 0.9006414911471663 1.1934897514720433e-15 -0.78286533108211542 -0.37773545106718448 0.4944065153259618</Rotation>
<Translation>0.013477309166119101 0.49353418670028143 0.077067815394299785</Translation>
</Transform>
</Instance>
<Instance name="Pack and go 8-II( Updated Final Assembly File)5972K215_Ball Bearing( 20mm shFT)-2" uid="Pack and go 8-II( Updated Final Assembly File)5972K215_Ball Bearing( 20mm shFT)-2" entityUid="Pack and go 8-II( Updated Final Assembly File)5972K215_Ball Bearing( 20mm shFT)*:*5972K215">
<Transform>
<Rotation>0.44528239167649325 0.21485202828836031 0.86923080801547736 -0.434565527816132 0.90064021786387405 1.1392192874492791e-15 -0.78286422430505065 -0.37773774487928946 0.49440651532596169</Rotation>
<Translation>-0.069099617595351145 0.49353418670028154 0.03009919643833326</Translation>
</Transform>
</Instance>
<Instance name="Part1-1" uid="Part1-1" entityUid="Part1*:*Default">
<Transform>
<Rotation>0.8692308080154767 -0.093164311902918517 -0.4855493933519196 1.7173423598991489e-15 0.9820853453595707 -0.18843665893337538 0.49440651532596269 0.16379494930439392 0.85365883828705824</Rotation>
<Translation>0.024704478315533088 0.53274930941756982 -0.041779729279868005</Translation>
</Transform>
</Instance>
<Instance name="z1-1" uid="z1-1" entityUid="z1*:*Default">
<Transform>
<Rotation>0.044665697557868589 -0.48554939335191932 0.87306744417441895 0.96986981277523698 -0.18843665893337475 -0.15441558158862581 0.23949430416816925 0.85365883828705846 0.46250304440662243</Rotation>
<Translation>-0.23503644382254868 0.45023472042660545 0.4148785157594726</Translation>
</Transform>
</Instance>
<Instance name="Pack and go 8-II( Updated Final Assembly File)Base Rotator-1" uid="Pack and go 8-II( Updated Final Assembly File)Base Rotator-1" entityUid="Pack and go 8-II( Updated Final Assembly File)Base Rotator*:*Default">
<Transform>
<Rotation>0.47464835813610362 0 -0.88017551438261543 -5.3383275466876217e-16 1 -2.1379969415091269e-16 0.88017551438261532 5.7064050925273134e-16 0.47464835813610362</Rotation>
<Translation>-0.0089372618334100859 0.029905889851590671 0.013321559303839173</Translation>
</Transform>
<VisualProperties>
<Ambient r="1" g="1" b="1" a="1"/>
<Diffuse r="1" g="1" b="1" a="1"/>
<Specular r="0.5" g="0.5" b="0.5" a="1"/>
<Emissive r="0" g="0" b="0" a="1"/>
<Shininess>0.3125</Shininess>
</VisualProperties>
</Instance>
<Instance name="Pack and go 8-II( Updated Final Assembly File)Base 45 kg servo-1" uid="Pack and go 8-II( Updated Final Assembly File)Base 45 kg servo-1" entityUid="Pack and go 8-II( Updated Final Assembly File)Base 45 kg servo*:*Default">
<Transform>
<Rotation>-3.4914813388431334e-15 0 1 0 1 0 -1 0 -3.4914813388431334e-15</Rotation>
<Translation>0.0012227381665898974 -0.0034975411866798103 -0.01715844069615656</Translation>
</Transform>
</Instance>
<Instance name="Pack and go 8-II( Updated Final Assembly File)Base-1" uid="Pack and go 8-II( Updated Final Assembly File)Base-1" grounded="true" entityUid="Pack and go 8-II( Updated Final Assembly File)Base*:*Default">
<Transform>
<Rotation>1 0 0 0 1 0 0 0 1</Rotation>
<Translation>-0.0089372618334099957 -0.0078275411866798109 0.013321559303843475</Translation>
</Transform>
<VisualProperties>
<Ambient r="1" g="1" b="1" a="1"/>
<Diffuse r="1" g="1" b="1" a="1"/>
<Specular r="0.5" g="0.5" b="0.5" a="1"/>
<Emissive r="0" g="0" b="0" a="1"/>
<Shininess>0.3125</Shininess>
</VisualProperties>
</Instance>
<Instance name="elbow motor nutthing-2" uid="elbow motor nutthing-2" entityUid="elbow motor nutthing*:*Default">
<Transform>
<Rotation>-0.048646132750166299 0.49200747572086312 0.86923080801547614 -0.99514763755991609 -0.098392984805414141 -1.1439417121894557e-15 0.085526213685464036 -0.86501298509089786 0.49440651532596375</Rotation>
<Translation>0.0075264741249405831 0.34200618478778744 -0.069223442116949141</Translation>
</Transform>
</Instance>
<Instance name="Pack and go 8-II( Updated Final Assembly File)Connectingshaft-1" uid="Pack and go 8-II( Updated Final Assembly File)Connectingshaft-1" entityUid="Pack and go 8-II( Updated Final Assembly File)Connectingshaft*:*Default">
<Transform>
<Rotation>-0.38229983282289204 -0.8692308080154767 0.313503812130491 -0.63410129602316767 0 -0.77324998957758739 0.67213271323848534 -0.49440651532596269 -0.55118038190587892</Rotation>
<Translation>-0.012239438833994377 0.45722043323483708 0.028229036762081539</Translation>
</Transform>
</Instance>
<Instance name="elbow motor nutthing-1" uid="elbow motor nutthing-1" entityUid="elbow motor nutthing*:*Default">
<Transform>
<Rotation>-0.04864613275017058 0.4920074757208614 0.8692308080154767 -0.99514763755991464 -0.098392984805425493 2.6367796834847468e-16 0.085526213685474681 -0.86501298509089741 0.49440651532596253</Rotation>
<Translation>0.055334168565793776 0.34200618478778666 -0.042031083774024661</Translation>
</Transform>
</Instance>
<Instance name="radial ball bearing_68_bsi-4" uid="radial ball bearing_68_bsi-4" entityUid="radial ball bearing_68_bsi*:*BS 6267 RBB - 108 - 8,SI,NC,8_68">
<Transform>
<Rotation>0.86923080801547714 -0.49278142478426146 0.040053336744319275 5.8102627556848253e-16 -0.081012963022770099 -0.99671304788402926 0.49440651532596191 0.86637368797180381 -0.070418963308010132</Rotation>
<Translation>-0.033710339861851249 0.14017245881332036 -0.00076902638295066046</Translation>
</Transform>
</Instance>
<Instance name="radial ball bearing_68_bsi-1" uid="radial ball bearing_68_bsi-1" entityUid="radial ball bearing_68_bsi*:*BS 6267 RBB - 255 - 14,SI,NC,14_68">
<Transform>
<Rotation>0 0.93479970554465641 -0.35517532362711179 -1 0 0 0 0.35517532362711179 0.93479970554465641</Rotation>
<Translation>-0.0089372618334099957 0.056672458813320184 0.013321559303843475</Translation>
</Transform>
</Instance>
<Instance name="Pack and go 8-II( Updated Final Assembly File)Base motor-1" uid="Pack and go 8-II( Updated Final Assembly File)Base motor-1" entityUid="Pack and go 8-II( Updated Final Assembly File)Base motor*:*Default">
<Transform>
<Rotation>-0.18108491323820358 -0.86923080801547714 0.46005005879172872 -0.93050970108761166 -1.0610273510587242e-16 -0.36626724694114199 0.31837077500825323 -0.49440651532596208 -0.80882769934262488</Rotation>
<Translation>0.051600086559576194 0.32294812477812351 -0.035466083073496656</Translation>
</Transform>
<VisualProperties>
<Ambient r="0.25098039215686274" g="0.25098039215686274" b="0.25098039215686274" a="1"/>
<Diffuse r="0.25098039215686274" g="0.25098039215686274" b="0.25098039215686274" a="1"/>
<Specular r="0.12549019607843137" g="0.12549019607843137" b="0.12549019607843137" a="1"/>
<Emissive r="0" g="0" b="0" a="1"/>
<Shininess>0.3125</Shininess>
</VisualProperties>
</Instance>
<Instance name="radial ball bearing_68_bsi-3" uid="radial ball bearing_68_bsi-3" entityUid="radial ball bearing_68_bsi*:*BS 6267 RBB - 108 - 8,SI,NC,8_68">
<Transform>
<Rotation>0.86923080801547659 -0.36590845752533591 -0.33248880147787074 5.9972028642049361e-16 0.67250084934390653 -0.7400963502353759 0.4944065153259628 0.64331454852440084 0.58455845666629835</Rotation>
<Translation>0.027135816699232242 0.13917245881332027 0.033839429689870998</Translation>
</Transform>
</Instance>
<Instance name="z3-1" uid="z3-1" entityUid="z3*:*Default">
<Transform>
<Rotation>-0.58890860309120319 0.29578670358626813 -0.75212823586589095 0.23546902020268623 0.95304291651720252 0.1904298815868235 0.77313711444345679 -0.064957103213996698 -0.63090377793455299</Rotation>
<Translation>-0.24218279461123601 0.44725350349243054 0.42828421684247664</Translation>
</Transform>
</Instance>
<Instance name="z2-1" uid="z2-1" entityUid="z2*:*Default">
<Transform>
<Rotation>-0.04466569755786861 -0.65750140096803644 -0.75212823586589173 -0.96986981277523709 -0.1519506711605931 0.19042988158682425 -0.2394943041681693 0.73797215479915945 -0.63090377793455144</Rotation>
<Translation>-0.2371120370732874 0.44915386996720996 0.4196426877386159</Translation>
</Transform>
</Instance>
<Instance name="z3-2" uid="z3-2" entityUid="z3*:*Default">
<Transform>
<Rotation>-0.53807609454966787 0.38049603583669372 0.75212823586589161 -0.7301899773896432 -0.65616999102255569 -0.19042988158682339 0.42106616272729541 -0.65166226651082126 0.63090377793455166</Rotation>
<Translation>-0.24519130755469964 0.44801522301877772 0.42576060173073832</Translation>
</Transform>
</Instance>
</InstanceTree>
<Constraints>
<Concentric name="Concentric3">
<ConstraintGeometry geomType="cylinder">
<InstancePath>
<Uid>Pack and go 8-II( Updated Final Assembly File)Base-1</Uid>
</InstancePath>
<Position>0 -1.0000000000010001e-06 0</Position>
<Axis>0 1 0</Axis>
</ConstraintGeometry>
<ConstraintGeometry geomType="cylinder">
<InstancePath>
<Uid>Pack and go 8-II( Updated Final Assembly File)Base Rotator-1</Uid>
</InstancePath>
<Position>0 0.051503433600939549 0</Position>
<Axis>0 1 0</Axis>
</ConstraintGeometry>
</Concentric>
<Concentric name="Concentric9">
<ConstraintGeometry geomType="cylinder">
<InstancePath>
<Uid>Pack and go 8-II( Updated Final Assembly File)Base-1</Uid>
</InstancePath>
<Position>0 0.0050000000000000001 0</Position>
<Axis>0 -1 0</Axis>
</ConstraintGeometry>
<ConstraintGeometry geomType="cylinder">
<InstancePath>
<Uid>Pack and go 8-II( Updated Final Assembly File)Base 45 kg servo-1</Uid>
</InstancePath>
<Position>-0.03048 0.043751499999999992 -0.010159999999999999</Position>
<Axis>0 -1 0</Axis>
</ConstraintGeometry>
</Concentric>
<Coincident name="Coincident10">
<ConstraintGeometry geomType="plane">
<InstancePath>
<Uid>Pack and go 8-II( Updated Final Assembly File)Base-1</Uid>
</InstancePath>
<Position>0 0.031 0</Position>
<Axis>0 1 0</Axis>
</ConstraintGeometry>
<ConstraintGeometry geomType="plane">
<InstancePath>
<Uid>Pack and go 8-II( Updated Final Assembly File)Base 45 kg servo-1</Uid>
</InstancePath>
<Position>-0.044520000000000004 0.026669999999999999 -0.0050599999999999959</Position>
<Axis>0 -1 0</Axis>
</ConstraintGeometry>
</Coincident>
<Concentric name="Concentric10">
<ConstraintGeometry geomType="cylinder">
<InstancePath>
<Uid>Pack and go 8-II( Updated Final Assembly File)Base 45 kg servo-1</Uid>
</InstancePath>
<Position>-0.03048 0.043751499999999992 -0.010159999999999999</Position>
<Axis>0 -1 0</Axis>
</ConstraintGeometry>
<ConstraintGeometry geomType="cylinder">
<InstancePath>
<Uid>Pack and go 8-II( Updated Final Assembly File)hs-422_horn_disc_sws(1)-1</Uid>
</InstancePath>
<Position>0 0.0020000000000000018 0</Position>
<Axis>0 -1 0</Axis>
</ConstraintGeometry>
</Concentric>
<Coincident name="Coincident12">
<ConstraintGeometry geomType="plane">
<InstancePath>
<Uid>Pack and go 8-II( Updated Final Assembly File)Base Rotator-1</Uid>
</InstancePath>
<Position>0.027500000000000011 0.013266568961729529 0</Position>
<Axis>0 -1 0</Axis>
</ConstraintGeometry>
<ConstraintGeometry geomType="plane">
<InstancePath>
<Uid>Pack and go 8-II( Updated Final Assembly File)hs-422_horn_disc_sws(1)-1</Uid>
</InstancePath>
<Position>0 0.0025000000000000022 0</Position>
<Axis>0 1 0</Axis>
</ConstraintGeometry>
</Coincident>
<Coincident name="Coincident13">
<ConstraintGeometry geomType="plane">
<InstancePath>
<Uid>Pack and go 8-II( Updated Final Assembly File)Base Rotator-1</Uid>
</InstancePath>
<Position>0 0.049266568961729554 0</Position>
<Axis>0 1 0</Axis>
</ConstraintGeometry>
<ConstraintGeometry geomType="plane">
<InstancePath>
<Uid>Pack and go 8-II( Updated Final Assembly File)(Left side) -Shoulder base-1</Uid>
</InstancePath>
<Position>0 0 0.074999999999999983</Position>
<Axis>1.0736592259985761e-16 -1 0</Axis>
</ConstraintGeometry>
</Coincident>
<Coincident name="Coincident14">
<ConstraintGeometry geomType="plane">
<InstancePath>
<Uid>Pack and go 8-II( Updated Final Assembly File)(Left side) -Shoulder base-1</Uid>
</InstancePath>
<Position>-0.05000000000000001 0 0.074999999999999983</Position>
<Axis>-1.0000000000000002 0 0</Axis>
</ConstraintGeometry>
<ConstraintGeometry geomType="plane">
<InstancePath>
<Uid>Pack and go 8-II( Updated Final Assembly File)(R side) -Shoulder base-1</Uid>
</InstancePath>
<Position>-0.040000000000000008 0 0.074999999999999983</Position>
<Axis>-1.0000000000000002 0 0</Axis>
</ConstraintGeometry>
</Coincident>
<Coincident name="Coincident15">
<ConstraintGeometry geomType="plane">
<InstancePath>
<Uid>Pack and go 8-II( Updated Final Assembly File)(Left side) -Shoulder base-1</Uid>
</InstancePath>
<Position>0 0 0</Position>
<Axis>0 0 -1</Axis>
</ConstraintGeometry>
<ConstraintGeometry geomType="plane">
<InstancePath>
<Uid>Pack and go 8-II( Updated Final Assembly File)(R side) -Shoulder base-1</Uid>
</InstancePath>
<Position>0 0 0.074999999999999997</Position>
<Axis>0 0 1</Axis>
</ConstraintGeometry>
</Coincident>
<Coincident name="Coincident16">
<ConstraintGeometry geomType="line">
<InstancePath>
<Uid>Pack and go 8-II( Updated Final Assembly File)(Left side) -Shoulder base-1</Uid>
</InstancePath>
<Position>-0.050000000000000003 0 0</Position>
<Axis>1.0000000000000002 1.3756343722961308e-16 0</Axis>
</ConstraintGeometry>
<ConstraintGeometry geomType="plane">
<InstancePath>
<Uid>Pack and go 8-II( Updated Final Assembly File)(R side) -Shoulder base-1</Uid>
</InstancePath>
<Position>0 0 0.074999999999999997</Position>
<Axis>1.3756343722961317e-16 -1 0</Axis>
</ConstraintGeometry>
</Coincident>
<Parallel name="Parallel2">
<ConstraintGeometry geomType="plane">
<InstancePath>
<Uid>Pack and go 8-II( Updated Final Assembly File)Base Rotator-1</Uid>
</InstancePath>
<Position>0 0.049266568961729554 0</Position>
<Axis>0 1 0</Axis>
</ConstraintGeometry>
<ConstraintGeometry geomType="plane">
<InstancePath>
<Uid>Pack and go 8-II( Updated Final Assembly File)Servo motor 350Kg-1</Uid>
</InstancePath>
<Position>0 -0.053000000000000005 0</Position>
<Axis>0 -1 0</Axis>
</ConstraintGeometry>
</Parallel>
<Concentric name="Concentric13">
<ConstraintGeometry geomType="cylinder">
<InstancePath>
<Uid>Pack and go 8-II( Updated Final Assembly File)(Left side) -Shoulder base-1</Uid>
</InstancePath>
<Position>0.031254119728445398 0.060999999999999985 0.037499999999999999</Position>
<Axis>-1.0000000000000002 0 0</Axis>
</ConstraintGeometry>
<ConstraintGeometry geomType="cylinder">
<InstancePath>
<Uid>Pack and go 8-II( Updated Final Assembly File)Servo motor 350Kg-1</Uid>
</InstancePath>
<Position>0.021000000000000012 -0.032000000000000028 0.14549999999999999</Position>
<Axis>0 0 -1.0000000000000002</Axis>
</ConstraintGeometry>
</Concentric>
<Concentric name="Concentric20">
<ConstraintGeometry geomType="cone">
<InstancePath>
<Uid>Pack and go 8-II( Updated Final Assembly File)Shoulder movement part assembly-1</Uid>
<Uid>Pack and go 8-II( Updated Final Assembly File)Shoulder movement-1</Uid>
</InstancePath>
<Position>-0.11472969337879711 0 0.019999999999999993</Position>
<Axis>-1 0 0</Axis>
</ConstraintGeometry>
<ConstraintGeometry geomType="cylinder">
<InstancePath>
<Uid>Pack and go 8-II( Updated Final Assembly File)Elbow base-1</Uid>
</InstancePath>
<Position>0 0 0.090000000000000052</Position>
<Axis>0 0 -1.0000000000000002</Axis>
</ConstraintGeometry>
</Concentric>
<Parallel name="Parallel6">
<ConstraintGeometry geomType="plane">
<InstancePath>
<Uid>Pack and go 8-II( Updated Final Assembly File)End base 2-1</Uid>
</InstancePath>
<Position>0 0.049999999999999961 0</Position>
<Axis>-1.1102230246251565e-16 1 -1.6653345369377348e-16</Axis>
</ConstraintGeometry>
<ConstraintGeometry geomType="plane">
<InstancePath>
<Uid>Pack and go 8-II( Updated Final Assembly File)Base 45 kg servo-2</Uid>
</InstancePath>
<Position>0 0.035877499999999993 0</Position>
<Axis>0 -1.6653345369377348e-16 1</Axis>
</ConstraintGeometry>
</Parallel>
<Coincident name="Coincident35">
<ConstraintGeometry geomType="plane">
<InstancePath>
<Uid>Pack and go 8-II( Updated Final Assembly File)End base 2-1</Uid>
</InstancePath>
<Position>-0.057499999999999989 0 0</Position>
<Axis>-1 0 0</Axis>
</ConstraintGeometry>
<ConstraintGeometry geomType="plane">
<InstancePath>
<Uid>Pack and go 8-II( Updated Final Assembly File)Base 45 kg servo-2</Uid>
</InstancePath>
<Position>-0.030480000000000007 0.039941499999999991 -0.010160000000000058</Position>
<Axis>0 1 -1.6653345369377348e-16</Axis>
</ConstraintGeometry>
</Coincident>
<Coincident name="Coincident38">
<ConstraintGeometry geomType="plane">
<InstancePath>
<Uid>Pack and go 8-II( Updated Final Assembly File)End base 2-1</Uid>
</InstancePath>
<Position>0.042499999999999975 0.050000000000000017 0.024999999999999967</Position>
<Axis>-1 0 0</Axis>
</ConstraintGeometry>
<ConstraintGeometry geomType="plane">
<InstancePath>
<Uid>Pack and go 8-II( Updated Final Assembly File)5972K215_Ball Bearing( 20mm shFT)-2</Uid>
</InstancePath>
<Position>0 0.015650000000000053 0.0034999999999999962</Position>
<Axis>-1.6653345369377348e-16 -1.3877787807814457e-16 1</Axis>
</ConstraintGeometry>
</Coincident>
<Concentric name="Concentric31">
<ConstraintGeometry geomType="cone">
<InstancePath>
<Uid>Pack and go 8-II( Updated Final Assembly File)elbow rotating-1</Uid>
</InstancePath>
<Position>-0.1147296933787971 0 0</Position>
<Axis>-1 1.1102230246251565e-16 0</Axis>
</ConstraintGeometry>
<ConstraintGeometry geomType="cylinder">
<InstancePath>
<Uid>Pack and go 8-II( Updated Final Assembly File)Connectingshaft-1</Uid>
</InstancePath>
<Position>0 0 0.084999999999999964</Position>
<Axis>0 0 -1</Axis>
</ConstraintGeometry>
</Concentric>
<Concentric name="Concentric32">
<ConstraintGeometry geomType="cylinder">
<InstancePath>
<Uid>Pack and go 8-II( Updated Final Assembly File)End base 2-1</Uid>
</InstancePath>
<Position>-0.0025000000000000001 0.024999999999999994 0.064999999999999947</Position>
<Axis>1.1102230246251565e-16 2.7755575615628914e-16 -1</Axis>
</ConstraintGeometry>
<ConstraintGeometry geomType="cylinder">
<InstancePath>
<Uid>Pack and go 8-II( Updated Final Assembly File)Connectingshaft-1</Uid>
</InstancePath>
<Position>0 0 0.084999999999999964</Position>
<Axis>0 0 -1</Axis>
</ConstraintGeometry>
</Concentric>
<Coincident name="Coincident40">
<ConstraintGeometry geomType="plane">
<InstancePath>
<Uid>Pack and go 8-II( Updated Final Assembly File)End base 2-1</Uid>
</InstancePath>
<Position>0 0 0.040000000000000036</Position>
<Axis>-1.1102230246251565e-16 -2.7755575615628914e-16 1</Axis>
</ConstraintGeometry>
<ConstraintGeometry geomType="plane">
<InstancePath>
<Uid>Pack and go 8-II( Updated Final Assembly File)Connectingshaft-1</Uid>
</InstancePath>
<Position>0 0 0</Position>
<Axis>0 0 -1</Axis>
</ConstraintGeometry>
</Coincident>
<Parallel name="Parallel8">
<ConstraintGeometry geomType="plane">
<InstancePath>
<Uid>Pack and go 8-II( Updated Final Assembly File)End base 2-1</Uid>
</InstancePath>
<Position>0 0.049999999999999961 0</Position>
<Axis>-1.1102230246251565e-16 1 -1.6653345369377348e-16</Axis>
</ConstraintGeometry>
<ConstraintGeometry geomType="plane">
<InstancePath>
<Uid>Pack and go 8-II( Updated Final Assembly File)Connectingshaft-1</Uid>
</InstancePath>
<Position>0 0 0</Position>
<Axis>1 0 0</Axis>
</ConstraintGeometry>
</Parallel>
<Concentric name="Concentric52">
<ConstraintGeometry geomType="cylinder">
<InstancePath>
<Uid>Pack and go 8-II( Updated Final Assembly File)End base 2-1</Uid>
</InstancePath>
<Position>-0.034238164368616368 0.025031965803697515 -0.0069362876134115292</Position>
<Axis>-1 0 0</Axis>
</ConstraintGeometry>
<ConstraintGeometry geomType="cylinder">
<InstancePath>
<Uid>Pack and go 8-II( Updated Final Assembly File)Base 45 kg servo-2</Uid>
</InstancePath>
<Position>-0.030480000000000007 0.043751499999999992 -0.010160000000000058</Position>
<Axis>0 -1 1.6653345369377348e-16</Axis>
</ConstraintGeometry>
</Concentric>
<Concentric name="Concentric53">
<ConstraintGeometry geomType="cylinder">
<InstancePath>
<Uid>Pack and go 8-II( Updated Final Assembly File)Base-1</Uid>
</InstancePath>
<Position>0 -1.0000000000010001e-06 0</Position>
<Axis>0 1 0</Axis>
</ConstraintGeometry>
<ConstraintGeometry geomType="cylinder">
<InstancePath>
<Uid>radial ball bearing_68_bsi-1</Uid>
</InstancePath>
<Position>-0.020637499999999989 0 0</Position>
<Axis>1 0 0</Axis>
</ConstraintGeometry>
</Concentric>
<Coincident name="Coincident61">
<ConstraintGeometry geomType="plane">
<InstancePath>
<Uid>Pack and go 8-II( Updated Final Assembly File)Base Rotator-1</Uid>
</InstancePath>
<Position>0.027500000000000024 0.037266568961729543 0</Position>
<Axis>0 -1 0</Axis>
</ConstraintGeometry>
<ConstraintGeometry geomType="plane">
<InstancePath>
<Uid>radial ball bearing_68_bsi-1</Uid>
</InstancePath>
<Position>-0.010499999999999995 0.034250000000000003 0</Position>
<Axis>-1 0 0</Axis>
</ConstraintGeometry>
</Coincident>
<Coincident name="Coincident63">
<ConstraintGeometry geomType="plane">
<InstancePath>
<Uid>Pack and go 8-II( Updated Final Assembly File)Base-1</Uid>
</InstancePath>
<Position>0 0.053999999999999999 0</Position>
<Axis>0 1 0</Axis>
</ConstraintGeometry>
<ConstraintGeometry geomType="plane">
<InstancePath>
<Uid>radial ball bearing_68_bsi-1</Uid>
</InstancePath>
<Position>0.010499999999999995 0.048900000000000013 0</Position>
<Axis>1 0 0</Axis>
</ConstraintGeometry>
</Coincident>
<Coincident name="Coincident64">
<ConstraintGeometry geomType="plane">
<InstancePath>
<Uid>Pack and go 8-II( Updated Final Assembly File)Elbow base-1</Uid>
</InstancePath>
<Position>-0.073150729063673259 -0.024500000000000025 0.10500000000000001</Position>
<Axis>1.1102230246251565e-16 1.0000000000000002 1.1102230246251565e-16</Axis>
</ConstraintGeometry>
<ConstraintGeometry geomType="plane">
<InstancePath>
<Uid>Pack and go 8-II( Updated Final Assembly File)Base motor-1</Uid>
</InstancePath>
<Position>0.029499999999999971 0.048000000000000001 -0.012000000000000025</Position>
<Axis>0 1 0</Axis>
</ConstraintGeometry>
</Coincident>
<Coincident name="Coincident65">
<ConstraintGeometry geomType="plane">
<InstancePath>
<Uid>Pack and go 8-II( Updated Final Assembly File)Elbow base-1</Uid>
</InstancePath>
<Position>-0.073150729063673273 0 0.10500000000000001</Position>
<Axis>0 0 1.0000000000000002</Axis>
</ConstraintGeometry>
<ConstraintGeometry geomType="plane">
<InstancePath>
<Uid>Pack and go 8-II( Updated Final Assembly File)Base motor-1</Uid>
</InstancePath>
<Position>0.032499999999999973 0.048000000000000008 0.011999999999999983</Position>
<Axis>1.0000000000000002 0 0</Axis>
</ConstraintGeometry>
</Coincident>
<Coincident name="Coincident67">
<ConstraintGeometry geomType="point">
<InstancePath>
<Uid>Pack and go 8-II( Updated Final Assembly File)Elbow base-1</Uid>
</InstancePath>
<Position>0 -0.024500000000000011 0.10500000000000001</Position>
</ConstraintGeometry>
<ConstraintGeometry geomType="point">
<InstancePath>
<Uid>Pack and go 8-II( Updated Final Assembly File)Base motor-1</Uid>
</InstancePath>
<Position>0.032500000000000029 0.048000000000000015 0</Position>
</ConstraintGeometry>
</Coincident>
<Parallel name="Parallel10">
<ConstraintGeometry geomType="line">
<InstancePath>
<Uid>Pack and go 8-II( Updated Final Assembly File)Base Rotator-1</Uid>
</InstancePath>
<Position>0.058383235526131637 0.049266568961729554 0.0080014254667678305</Position>
<Axis>-0.53040643281097866 0 -0.84774348480701023</Axis>
</ConstraintGeometry>
<ConstraintGeometry geomType="line">
<InstancePath>
<Uid>Pack and go 8-II( Updated Final Assembly File)(R side) -Shoulder base-1</Uid>
</InstancePath>
<Position>0 0 0.074999999999999997</Position>
<Axis>0 0 -1</Axis>
</ConstraintGeometry>
</Parallel>
<Coincident name="Coincident70">
<ConstraintGeometry geomType="plane">
<InstancePath>
<Uid>Pack and go 8-II( Updated Final Assembly File)End base 2-1</Uid>
</InstancePath>
<Position>-0.052499999999999991 0.049999999999999961 0.034999999999999976</Position>
<Axis>1 0 0</Axis>
</ConstraintGeometry>
<ConstraintGeometry geomType="plane">
<InstancePath>
<Uid>Pack and go 8-II( Updated Final Assembly File)5972K215_Ball Bearing( 20mm shFT)-1</Uid>
</InstancePath>
<Position>0 0.015649999999999886 0.0034999999999999892</Position>
<Axis>0 -2.2204460492503131e-16 1</Axis>
</ConstraintGeometry>
</Coincident>
<Concentric name="Concentric55">
<ConstraintGeometry geomType="cylinder">
<InstancePath>
<Uid>Pack and go 8-II( Updated Final Assembly File)End base 2-1</Uid>
</InstancePath>
<Position>-0.097896255352176359 0.025031965803697515 -0.0069362876134115292</Position>
<Axis>1 0 0</Axis>
</ConstraintGeometry>
<ConstraintGeometry geomType="cylinder">
<InstancePath>
<Uid>Pack and go 8-II( Updated Final Assembly File)5972K215_Ball Bearing( 20mm shFT)-1</Uid>
</InstancePath>
<Position>0 0 0.0034999999999999962</Position>
<Axis>0 -2.2204460492503131e-16 1</Axis>
</ConstraintGeometry>
</Concentric>
<Concentric name="Concentric57">
<ConstraintGeometry geomType="cylinder">
<InstancePath>
<Uid>Pack and go 8-II( Updated Final Assembly File)End base 2-1</Uid>
</InstancePath>
<Position>-0.097896255352176359 0.025031965803697515 -0.0069362876134115292</Position>
<Axis>1 0 0</Axis>
</ConstraintGeometry>
<ConstraintGeometry geomType="cylinder">
<InstancePath>
<Uid>Pack and go 8-II( Updated Final Assembly File)5972K215_Ball Bearing( 20mm shFT)-2</Uid>
</InstancePath>
<Position>0 0 0.0035000000000000031</Position>
<Axis>-1.6653345369377348e-16 -1.3877787807814457e-16 1</Axis>
</ConstraintGeometry>
</Concentric>
<Concentric name="Concentric62">
<ConstraintGeometry geomType="cylinder">
<InstancePath>
<Uid>Pack and go 8-II( Updated Final Assembly File)(Left side) -Shoulder base-1</Uid>
</InstancePath>
<Position>0.031254119728445398 0.060999999999999985 0.037499999999999999</Position>
<Axis>-1.0000000000000002 0 0</Axis>
</ConstraintGeometry>
<ConstraintGeometry geomType="cylinder">
<InstancePath>
<Uid>radial ball bearing_68_bsi-4</Uid>
</InstancePath>
<Position>-0.020637499999999986 0 0</Position>
<Axis>1.0000000000000002 0 0</Axis>
</ConstraintGeometry>
</Concentric>
<Coincident name="Coincident79">
<ConstraintGeometry geomType="plane">
<InstancePath>
<Uid>Pack and go 8-II( Updated Final Assembly File)elbow rotating-1</Uid>
</InstancePath>
<Position>0 0 -0.030999999999999993</Position>
<Axis>0 0 1</Axis>
</ConstraintGeometry>
<ConstraintGeometry geomType="plane">
<InstancePath>
<Uid>elbow motor nutthing-2</Uid>
</InstancePath>
<Position>0 0 0</Position>
<Axis>0 0 -1</Axis>
</ConstraintGeometry>
</Coincident>
<Concentric name="Concentric66">
<ConstraintGeometry geomType="cylinder">
<InstancePath>
<Uid>Pack and go 8-II( Updated Final Assembly File)elbow rotating-1</Uid>
</InstancePath>
<Position>-0.0044852813742385367 0.0084852813742386513 -0.041044998694351464</Position>
<Axis>0 0 1</Axis>
</ConstraintGeometry>
<ConstraintGeometry geomType="cylinder">
<InstancePath>
<Uid>elbow motor nutthing-2</Uid>
</InstancePath>
<Position>-0.012000000000000066 0 0</Position>
<Axis>0 0 1</Axis>
</ConstraintGeometry>
</Concentric>
<Concentric name="Concentric67">
<ConstraintGeometry geomType="cylinder">
<InstancePath>
<Uid>Pack and go 8-II( Updated Final Assembly File)elbow rotating-1</Uid>
</InstancePath>
<Position>0.0040000000000000591 0.012000000000000011 -0.041044998694351464</Position>
<Axis>0 0 1</Axis>
</ConstraintGeometry>
<ConstraintGeometry geomType="cylinder">
<InstancePath>
<Uid>elbow motor nutthing-1</Uid>
</InstancePath>
<Position>-0.0084852813742384847 0.0084852813742386408 0</Position>
<Axis>0 0 1</Axis>
</ConstraintGeometry>
</Concentric>
<Coincident name="Coincident81">
<ConstraintGeometry geomType="plane">
<InstancePath>
<Uid>Pack and go 8-II( Updated Final Assembly File)elbow rotating-1</Uid>
</InstancePath>
<Position>0 0 0.030999999999999982</Position>
<Axis>0 0 -1</Axis>
</ConstraintGeometry>
<ConstraintGeometry geomType="plane">
<InstancePath>
<Uid>elbow motor nutthing-1</Uid>
</InstancePath>
<Position>0 0 0.0070000000000000027</Position>
<Axis>0 0 1</Axis>
</ConstraintGeometry>
</Coincident>
<Concentric name="Concentric68">
<ConstraintGeometry geomType="cylinder">
<InstancePath>
<Uid>Pack and go 8-II( Updated Final Assembly File)elbow rotating-1</Uid>
</InstancePath>
<Position>0.0039999999999999758 0 0.039999999999999966</Position>
<Axis>0 0 -1</Axis>
</ConstraintGeometry>
<ConstraintGeometry geomType="cylinder">
<InstancePath>
<Uid>elbow motor nutthing-1</Uid>
</InstancePath>
<Position>0 0 0.0070000000000000027</Position>
<Axis>0 0 -1</Axis>
</ConstraintGeometry>
</Concentric>
<Concentric name="Concentric69">
<ConstraintGeometry geomType="cylinder">
<InstancePath>
<Uid>Pack and go 8-II( Updated Final Assembly File)elbow rotating-1</Uid>
</InstancePath>
<Position>0.0039999999999999758 0 0.039999999999999966</Position>
<Axis>0 0 -1</Axis>
</ConstraintGeometry>
<ConstraintGeometry geomType="cylinder">
<InstancePath>
<Uid>elbow motor nutthing-2</Uid>
</InstancePath>
<Position>0 0 0.0069999999999999958</Position>
<Axis>0 0 -1</Axis>
</ConstraintGeometry>
</Concentric>
<Coincident name="Coincident83">
<ConstraintGeometry geomType="circle">
<InstancePath>
<Uid>Pack and go 8-II( Updated Final Assembly File)Base motor-1</Uid>
</InstancePath>
<Position>-0.020500000000000018 0 4.7475887617942636e-05</Position>
<Axis>0 -1 0</Axis>
</ConstraintGeometry>
<ConstraintGeometry geomType="circle">
<InstancePath>
<Uid>elbow motor nutthing-1</Uid>
</InstancePath>
<Position>0 0 0</Position>
<Axis>0 0 1</Axis>
</ConstraintGeometry>
</Coincident>
<Concentric name="Concentric71">
<ConstraintGeometry geomType="cylinder">
<InstancePath>
<Uid>Pack and go 8-II( Updated Final Assembly File)elbow rotating-1</Uid>
</InstancePath>
<Position>-0.094753522754271652 -0.039999999999999897 0</Position>
<Axis>0 1 0</Axis>
</ConstraintGeometry>
<ConstraintGeometry geomType="cylinder">
<InstancePath>
<Uid>Pack and go 8-II( Updated Final Assembly File)Connectingshaft-1</Uid>
</InstancePath>
<Position>-0.05149999999999999 0 0.050246477245728227</Position>
<Axis>1 0 0</Axis>
</ConstraintGeometry>
</Concentric>
<Concentric name="Concentric72">
<ConstraintGeometry geomType="cylinder">
<InstancePath>
<Uid>Pack and go 8-II( Updated Final Assembly File)Shoulder movement part assembly-1</Uid>
<Uid>Pack and go 8-II( Updated Final Assembly File)Shoulder movement-1</Uid>
</InstancePath>
<Position>-0.094753522754271638 -0.039999999999999994 0.019999999999999987</Position>
<Axis>0 1 0</Axis>
</ConstraintGeometry>
<ConstraintGeometry geomType="cylinder">
<InstancePath>
<Uid>Pack and go 8-II( Updated Final Assembly File)Elbow base-1</Uid>
</InstancePath>
<Position>-0.0465 0 0.034753522754271599</Position>
<Axis>1.0000000000000002 1.1102230246251565e-16 0</Axis>
</ConstraintGeometry>
</Concentric>
<Concentric name="Concentric73">
<ConstraintGeometry geomType="cylinder">
<InstancePath>
<Uid>Pack and go 8-II( Updated Final Assembly File)Base Rotator-1</Uid>
</InstancePath>
<Position>0.002287095314921106 0.039266568961729545 0.016852869044185537</Position>
<Axis>0 1 0</Axis>
</ConstraintGeometry>
<ConstraintGeometry geomType="cylinder">
<InstancePath>
<Uid>Pack and go 8-II( Updated Final Assembly File)(Left side) -Shoulder base-1</Uid>
</InstancePath>
<Position>-0.03800000000000002 0.11000100000000003 0.021999999999999999</Position>
<Axis>1.0736592259985761e-16 -1 0</Axis>
</ConstraintGeometry>
</Concentric>
<Concentric name="Concentric74">
<ConstraintGeometry geomType="cylinder">
<InstancePath>
<Uid>Pack and go 8-II( Updated Final Assembly File)Shoulder movement part assembly-1</Uid>
<Uid>Pack and go 8-II( Updated Final Assembly File)Shoulder movement-1</Uid>
</InstancePath>
<Position>0 0 -0.013000000000000001</Position>
<Axis>0 0 1</Axis>
</ConstraintGeometry>
<ConstraintGeometry geomType="cylinder">
<InstancePath>
<Uid>radial ball bearing_68_bsi-3</Uid>
</InstancePath>
<Position>-0.020637499999999993 0 0</Position>
<Axis>1 0 0</Axis>
</ConstraintGeometry>
</Concentric>
<Coincident name="Coincident94">
<ConstraintGeometry geomType="plane">
<InstancePath>
<Uid>Pack and go 8-II( Updated Final Assembly File)Shoulder movement part assembly-1</Uid>
<Uid>Pack and go 8-II( Updated Final Assembly File)Shoulder movement-1</Uid>
</InstancePath>
<Position>0 0 -0.013000000000000001</Position>
<Axis>0 0 -1</Axis>
</ConstraintGeometry>
<ConstraintGeometry geomType="plane">
<InstancePath>
<Uid>radial ball bearing_68_bsi-3</Uid>
</InstancePath>
<Position>-0.0034999999999999962 0.008900000000000019 0</Position>
<Axis>-1 0 0</Axis>
</ConstraintGeometry>
</Coincident>
<Concentric name="Concentric78">
<ConstraintGeometry geomType="cylinder">
<InstancePath>
<Uid>Pack and go 8-II( Updated Final Assembly File)(R side) -Shoulder base-1</Uid>
</InstancePath>
<Position>0.031254119728445405 0.060000000000000012 0.037499999999999999</Position>
<Axis>-1.0000000000000002 0 0</Axis>
</ConstraintGeometry>
<ConstraintGeometry geomType="cylinder">
<InstancePath>
<Uid>Pack and go 8-II( Updated Final Assembly File)Shoulder movement part assembly-1</Uid>
<Uid>Pack and go 8-II( Updated Final Assembly File)Shoulder movement-1</Uid>
</InstancePath>
<Position>0 0 -0.013000000000000001</Position>
<Axis>0 0 1</Axis>
</ConstraintGeometry>
</Concentric>
<Distance name="Distance1">
